image: 3002_cleaned.pgm
resolution: 0.050000
origin: [-25.353657, -23.334405, 0.000000]
negate: 0
occupied_thresh: 0.65
free_thresh: 0.196

