image: nsha-map.pgm
resolution: 0.050000
origin: [-5.554795, -3.800075, 0.000000]
negate: 0
occupied_thresh: 0.65
free_thresh: 0.196

